31 52 21 4 44 35 13 
54 51 4 25 34 35 2 
6 32 45 22 28 51 36 
7 16 25 5 15 54 54 
14 47 53 22 48 20 31 
20 18 55 47 13 24 31 
3 24 56 20 47 42 53 
21 39 17 45 37 41 37 
53 51 27 23 28 40 41 
37 13 9 54 34 44 41 
16 46 2 28 6 49 43 
9 37 21 34 9 25 4 
55 17 60 2 51 52 49 
30 24 56 51 45 18 31 
36 12 27 5 44 42 18 
52 17 9 46 54 13 23 
49 50 41 48 41 50 43 
38 15 20 39 49 43 44 
26 24 47 45 33 60 7 
22 40 27 12 46 12 8 
7 39 13 45 5 36 16 
37 57 5 50 31 41 15 
29 30 44 36 35 15 36 
47 23 28 48 52 27 7 
40 7 19 10 7 3 59 
27 5 45 49 27 57 1 
15 51 49 36 28 3 5 
38 4 18 24 23 24 42 
5 8 33 20 14 59 43 
11 30 19 55 38 52 48 
28 22 6 19 28 4 47 
40 50 43 20 41 31 10 
33 34 16 25 19 30 6 
24 53 41 19 39 16 58 
55 20 43 3 37 38 19 
14 9 60 2 35 22 26 
2 43 20 53 21 7 41 
28 38 29 39 18 26 18 
11 35 41 37 53 39 22 
59 17 16 50 35 36 18 
23 36 53 15 19 57 57 
25 5 20 49 57 26 50 
20 6 17 9 44 53 32 
55 29 5 53 19 19 42 
49 46 51 14 50 7 1 
28 15 30 16 45 12 49 
23 55 7 4 23 51 26 
35 21 22 30 21 9 48 
24 23 11 10 25 50 57 
24 43 17 49 12 38 27 
13 60 56 19 60 22 53 
48 10 7 41 11 35 3 
3 51 11 15 30 13 30 
54 22 3 31 8 42 54 
38 39 3 19 30 24 15 
42 43 34 39 5 56 53 
26 10 8 2 47 8 39 
45 16 15 35 44 20 47 
4 14 54 13 31 25 15 
11 33 60 54 25 8 43 
18 40 38 45 16 24 10 
25 25 60 31 60 58 29 
14 50 51 16 12 6 32 
55 60 31 14 26 49 20 
41 20 47 10 26 21 58 
55 16 4 16 23 15 29 
37 23 56 40 40 6 6 
6 47 36 16 31 53 51 
24 41 19 31 60 37 53 
9 19 15 39 4 34 10 
55 12 39 28 16 38 6 
47 24 47 10 34 10 28 
6 50 27 38 17 28 14 
11 2 5 49 13 28 19 
58 42 2 20 26 15 34 
8 1 21 43 52 58 57 
55 31 56 30 6 40 5 
36 56 14 54 32 53 39 
59 34 43 40 5 26 11 
23 53 38 4 31 54 28 
16 60 38 4 13 30 37 
39 55 40 31 18 35 39 
15 28 39 41 40 13 58 
31 11 45 35 58 21 12 
45 53 58 39 26 13 49 
7 20 7 50 53 35 54 
2 38 56 29 38 16 33 
3 59 24 58 59 60 49 
32 19 28 5 4 19 58 
54 18 39 6 56 55 9 
42 14 60 12 49 6 44 
22 2 48 39 2 48 5 
11 17 13 4 51 18 57 
5 19 5 24 58 23 42 
38 43 47 21 25 44 51 
35 44 56 22 18 40 32 
48 2 36 34 53 5 17 
28 56 48 53 40 52 46 
55 1 28 36 36 2 8 
38 44 29 43 10 44 34 
